11110000
11100000
11101111
11101010
11011101
11111111
11101111
11101110
11101111
11011100
11110000
11100000
11100101
11100000
11011011
11110000
11100001
11100000
11100000
11010001
11110000
11100010
11100000
11100000
11010010
11110001
11010100
11001101
10100000
01010000
11110000
10110100
10100011
11000100
10101110
10011110
01001111
00001111
11110000
01011100
01110001
01110110
01010011
01010101
01010111
01010000
01000000
00011000
01000011
00111011
10110100
10100011
11110000
01011110
01110001
01110110
01010011
01010101
01010111
01010000
01000000
00010001
01000011
00111011
01011001
00101111
11110000
01011101
01110001
01110110
01010011
01010101
01010111
01010000
01000000
00001010
01000011
00111011
10110100
10100011
11110000
01011111
01110001
01110110
01010011
01010101
01010111
01010000
01000000
00000011
01000011
00111011
01011001
00100001
11110000
11001101
10100000
01010000
11110000
11100001
11100000
11100000
11010001
11110000
11100010
11100000
11100000
11010010
11110000
11100011
11100000
11100000
11010011
11001100
10100100
11001011
10100101
11110000
01100001
01100110
10001000
10001101
11000110
11000111
10101010
01001010
00000111
11110000
11100000
11100000
11100001
11011000
01111011
01010000
01010011
01010101
01010111
01000000
00001000
00110101
11110000
11111111
11101111
11101111
11101111
11011000
01111011
01010011
01010101
01010111
01010000
01000000
00000001
00101100
11110000
11110001
11010100
11010101
11110000
11100000
11101111
11101111
11010001
11110000
11100001
11101111
11101111
11010010
11110000
11100010
11101111
11101111
11010011
11001101
10100000
01010000
11110000
01010011
01010101
01010111
01100001
01100110
01101011
10001000
10001101
11000110
11000111
10101010
01001010
00001101
11110001
11011001
11001000
10111001
10101010
10011010
11001010
10100111
01100001
10001011
11000100
11000110
10100100
11001010
10100110
01100110
10001110
11000101
11000111
10100101
01010000
01000000
00001110
00101110
11110000
11111111
11011001
11001000
10111001
10101010
10011010
11001010
10100111
01100001
10001011
11000100
11000110
10100100
11001010
10100110
01100110
10001110
11000101
11000111
10100101
01010000
01000000
00000001
00100001
11110000
11110000
11010001
11000100
10101001
01111101
01010011
11000101
10101001
01111101
